38 33
10 30
54 30
10 13
10 3
54 48
30 2
30 18
30 47
0 45
0 53
54 18
26 19
54 27
37 44
37 13
37 3
37 4
37 14
6 12
6 19
6 24
42 53
23 42
23 3
23 18
43 36
23 27
44 13
44 4
13 14
59 17
59 58
59 24
45 60
2 14
17 12
15 8
3 14
58 24
4 14
12 50
14 47
35 19
35 53
9 57
32 60
32 53
60 36
39 53
36 22
34 25
39 28
29 7
56 7
56 35
28 10
28 30
28 2
28 3
28 53
26 61
6 61
61 59
40 19
3 4
50 8
52 19
9 8
19 24
27 0
27 42
10 18
54 60
61 34
7 40
7 52
7 20
12 34
29 34
28 18
28 32
28 60
48 42
26 58
42 36
61 25
58 16
5 25
29 6
29 61
29 56
10 2
10 14
10 60
26 6
26 20
26 34
6 31
31 7
31 40
41 33
41 34
40 50
50 52
50 19
29 26
56 31
56 50
31 17
31 20
61 17
15 55
12 20
24 20
56 20
28 48
28 37
28 33
28 36
38 41
38 57
31 16
24 16
20 16
56 26
56 6
56 24
54 37
54 43
54 32
54 36
37 2
2 32
18 47
27 36
38 51
0 22
21 25
17 20
9 38
35 20
29 20
41 57
57 51
57 33
26 49
6 35
6 52
61 35
61 52
59 35
59 52
49 52
49 24
15 35
15 52
14 18
35 50
52 24
39 43
39 32
29 59
29 52
26 12
6 49
6 20
31 12
41 51
61 12
51 60
15 9
12 35
12 24
9 6
29 12
54 23
61 24
23 36
40 24
15 61
50 24
48 36
37 18
42 43
51 22
44 3
40 58
13 3
2 3
17 58
58 12
52 8
32 22
56 33
26 40
26 16
40 16
48 60
42 32
42 60
23 32
51 32
44 14
44 47
32 36
33 55
39 60
41 61
41 5
11 17
40 12
17 19
17 16
58 19
4 18
4 47
19 20
19 16
27 60
29 17
28 4
54 28
2 18
28 14
0 42
42 22
43 60
9 20
52 20
11 19
2 4
46 19
29 35
10 37
6 7
21 61
21 40
7 59
7 24
11 46
40 46
59 12
59 20
59 16
35 46
46 24
46 16
56 52
56 19
7 33
0 48
0 60
0 36
48 32
6 11
6 40
6 58
6 33
49 50
46 50
27 48
48 22
21 5
51 5
51 20
45 22
15 5
5 34
39 36
27 22
6 46
6 50
6 16
49 58
17 24
58 46
12 19
12 25
28 47
11 40
40 52
40 34
12 52
46 52
9 33
52 34
27 43
56 40
37 47
6 51
51 8
13 4
15 51
35 33
9 51
29 40
26 17
51 33
11 49
11 58
40 33
49 46
45 36
58 35
58 50
58 20
39 45
27 45
56 49
26 35
26 46
20 33
30 5
30 60
7 16
35 16
16 33
56 16
31 11
31 19
23 48
23 37
15 26
15 41
49 17
17 50
26 59
59 19
9 61
33 8
23 10
7 50
11 50
59 50
50 20
50 16
7 19
29 24
45 34
16 8
15 21
60 22
28 42
28 22
26 24
23 0
49 35
17 35
35 24
37 5
3 47
12 46
48 43
54 5
43 45
43 22
39 42
56 17
15 57
6 59
11 12
40 17
49 12
31 50
31 24
21 55
23 45
61 55
51 50
51 55
58 52
52 16
52 33
23 30
23 22
46 20
5 47
28 43
50 33
10 22
6 17
11 16
9 55
54 42
54 45
23 60
21 59
23 39
39 34
7 58
2 5
2 36
29 46
29 19
43 32
45 32
59 46
0 43
26 11
43 34
11 35
60 34
47 22
29 58
48 45
11 52
11 24
17 52
14 5
28 34
40 35
6 55
40 20
19 55
20 55
36 34
31 59
23 28
35 52
29 31
9 41
39 51
26 50
40 59
49 16
12 16
39 27
29 50
56 59
10 34
13 5
13 18
2 22
17 33
18 22
29 16
21 20
29 49
11 59
24 33
0 32
15 38
23 34
56 61
19 8
26 31
29 11
56 46
41 50
13 47
2 47
47 34
61 20
9 50
56 11
6 8
39 22
31 35
57 61
29 21
37 34
7 46
46 33
23 43
7 12
43 50
13 2
2 34
42 45
7 49
40 49
17 46
31 49
31 58
31 46
52 55
24 55
61 16
27 61
19 33
31 33
49 20
26 21
31 52
21 33
54 10
49 8
29 33
10 50
54 50
42 49
9 49
50 22
26 57
51 36
28 45
7 55
11 33
56 58
49 22
10 49
54 16
43 16
16 60
27 16
42 16
61 40
23 16
16 32
43 51
15 45
9 12
0 16
45 16
22 8
37 16
30 37
30 49
30 16
49 60
4 50
57 45
12 55
41 45
31 55
10 42
61 33
54 0
26 52
15 39
15 32
15 60
20 60
20 22
50 47
15 43
10 16
38 6
37 60
6 21
49 2
15 27
27 32
57 20
35 22
6 41
6 57
6 45
6 32
13 50
10 40
37 49
61 58
29 55
40 45
15 40
14 50
0 6
0 51
39 0
6 22
28 5
3 50
28 16
21 7
41 60
51 45
15 37
15 28
31 61
41 20
56 12
56 8
59 45
44 50
40 5
5 16
44 18
38 20
41 22
54 39
37 52
58 32
27 37
9 60
15 49
45 58
45 20
58 60
51 19
45 19
9 19
19 60
19 36
48 52
52 36
51 58
58 36
31 21
10 5
19 32
43 40
43 58
0 40
37 40
23 40
52 22
27 49
21 12
15 30
35 55
27 52
48 19
38 55
21 11
45 12
2 50
48 40
26 33
54 40
54 52
23 52
9 45
24 8
3 18
12 60
23 19
43 52
38 24
37 22
40 60
9 46
57 24
38 12
12 36
44 2
46 8
5 50
38 45
42 52
40 32
39 40
28 49
61 46
9 17
9 21
15 22
28 50
61 45
51 24
9 24
23 58
41 40
38 31
9 40
52 60
61 7
0 52
41 59
51 40
39 12
31 8
51 59
57 40
39 24
26 8
3 5
54 58
42 58
4 5
52 32
24 32
30 50
12 32
39 52
27 58
41 8
61 19
18 16
44 5
4 16
47 16
0 2
2 60
54 2
42 2
50 18
39 2
23 2
13 16
21 19
59 8
14 16
29 8
7 35
30 22
54 15
3 16
5 22
38 26
2 52
0 58
2 24
38 40
48 12
39 48
9 26
2 12
38 61
7 11
23 24
43 2
43 24
